camMTX:
- - 628.865478515625
  - 0.0
  - 316.09698486328125
- - 0.0
  - 628.8655395507812
  - 248.14044189453125
- - 0.0
  - 0.0
  - 1.0
distortionCoeffs:
- 0.0
- 0.0
- 0.0
- 0.0
- 0.0
- 0.0
- 0.0
- 0.0
- 0.0
- 0.0
- 0.0
- 0.0
- 0.0
- 0.0
gCW:
- - -0.17880570817974262
  - -0.972275769930976
  - -0.15069288612097342
  - 0.018032009742594196
- - -0.9182099286854656
  - 0.21992131575486906
  - -0.3294315433289283
  - -0.03608634875831483
- - 0.35343888522030653
  - 0.07946346381687139
  - -0.9320764519782976
  - 0.6175867841123449
- - 0.0
  - 0.0
  - 0.0
  - 1.0
gWC:
- - -0.17880570817974262
  - -0.9182099286854656
  - 0.35343888522030653
  - -0.24818980195142384
- - -0.972275769930976
  - 0.21992131575486906
  - 0.07946346381687139
  - -0.023607341617487967
- - -0.15069288612097342
  - -0.3294315433289283
  - -0.9320764519782976
  - 0.5664674125502367
- - 0.0
  - 0.0
  - 0.0
  - 1.0
